File type = "ooTextFile"
Object class = "Pitch 1"

0
4.04725
201
0.02
0.023624999999999778
500
15
0.0010720195715466837
3
0
0
5928.636249541863
0.5625834213807144
2657.6607057939045
0.4231595531903014
0.0012567937961717945
7
0
0
459.4784385591899
0.24892344389440302
424.0467922862921
0.2726163861375763
370.569849248763
0.33971811968223853
338.32776741515136
0.3495383049491522
323.80220842709156
0.35350175062053235
299.25401488108554
0.3158554554238878
0.0010686637324156779
15
0
0
7322.145997637036
0.8115788166048052
3662.6202386512437
0.7660323921448775
2483.60712407164
0.745787361452582
1274.4928319464605
0.6553826347855746
874.0172664416758
0.5783185780048189
787.0062935538763
0.5843263005521723
490.2038704862263
0.4190602082956089
429.4934094859937
0.3643200043886432
401.4312867385392
0.348062141977712
377.99678064400746
0.3512299098958893
356.8224457681071
0.31329804387029586
342.6627562521913
0.31368180323359923
327.2018817140478
0.2849119239348785
301.14961844055165
0.30068489550029864
0.0011065225281317907
15
0
0
7168.342048091562
0.7033225291460327
3664.0901576589995
0.6286846450208097
1878.0229229481376
0.5517785724564213
1506.799521221617
0.5116339906743593
1144.0313187835961
0.49916235965099626
893.0019564042007
0.4571237001270142
794.4336802801718
0.42726869102749093
719.2159369401223
0.407322754410571
76.95929590062455
0.5180146527468563
77.79096110010315
0.5050891936463041
80.73790848040592
0.4483318929847668
75.47492560037075
0.5386333028434063
78.33624269649889
0.5045673738044768
82.27483774586545
0.42762162678575605
0.001692279822732814
4
0
0
3469.774102174003
0.5162614584014807
502.7351968494065
0.27963933494586357
430.44004133393884
0.27604543174001417
0.541674687070274
13
214.03709234791302
0.6435741043182212
3104.2162000758153
0.5556470587309364
441.45208030749967
0.4690457955935462
395.72192778694284
0.3977493952005129
227.78456597383462
0.5107001563121167
0
0
145.4171023670209
0.4183427474190883
139.71706704380443
0.36871742976153893
107.67348924470626
0.5815764712845444
104.86520385943074
0.4749302874582443
88.46132477010515
0.26438942334286286
86.50614047012043
0.4317187622005197
84.1378198153414
0.33775424768125256
0.47707317110559105
13
217.1569278255127
0.8722661899887876
3523.7405835689324
0.6108610384293668
460.76425261678895
0.5529849372535601
415.6562264462688
0.5398513623052752
230.71979500456342
0.6073624438547037
0
0
205.70199018326772
0.537871084340763
147.99957084509887
0.5460058733945897
142.7968945907063
0.5297039145625017
111.68224314117248
0.6275898603085475
108.52681460752152
0.8082941611923669
87.99594786674943
0.5366661077285301
86.32950509634566
0.5193735037587558
0.4178106326614897
6
222.60009161723528
0.9685327264221962
445.31082701123415
0.7163719452980346
0
0
146.56403698971917
0.7073312490613987
111.0508353039664
0.93549169723034
88.17969224050414
0.7063147205392676
0.09635447775410086
7
217.99230233083583
0.7478224322597223
4140.871202665663
0.7622598522247948
421.5067898685159
0.3979497534548893
0
0
108.67879082813565
0.4431241115839027
105.5539891958317
0.48096273460599587
102.56511448687347
0.3589016408217528
0.1649683536575709
13
226.7249686733635
0.899137166751626
4007.2779070293195
0.7220840116311701
455.4149308417402
0.4313929966276553
414.39902566032157
0.32627024320422937
240.21557993630034
0.6999475347844669
0
0
151.6306257091564
0.3965728084954241
146.5064881102672
0.29045096835674983
113.30503239339566
0.7992493716261414
110.56289532525886
0.6127583406674982
90.89290515908347
0.3031407533363858
88.77241202627282
0.23178964421948145
75.57082220685686
0.6369278443473373
0.2051060082144939
6
223.38386063286873
0.9578446511843962
447.7971544078312
0.7360392324742719
0
0
149.1877449635384
0.720309714949599
111.712883961537
0.9118294673594455
90.02032459116327
0.6944539969826808
0.43807567426000205
7
227.751207572901
0.6888614576604318
657.3755017199351
0.45410179510603815
344.8476597541249
0.31434719794074084
0
0
169.88077868750182
0.34934546807341876
137.97403613977
0.261591216083848
113.36074299818245
0.49125872449886687
0.4897889182872563
7
215.04574388573783
0.9574664309134068
779.921614878283
0.25378105577187726
298.3364692157616
0.27505394480416057
0
0
125.33168359857287
0.2847044637821482
107.5431464865135
0.9066645897333593
79.34630759310923
0.28152402407351834
0.5144098694722758
12
212.01844557750593
0.9318090745175905
801.3317870715742
0.26744394633036994
424.1328169455223
0.2637919741937108
287.9270323892712
0.27197407856372613
0
0
167.5517601238388
0.2751116095017508
141.68437575826536
0.26998496660463694
122.077574841905
0.2635066578450294
106.00994902685034
0.9123568184262384
93.61636184382031
0.28171722061971793
85.132697706908
0.28177199831751376
77.418387139447
0.25910620521354355
0.5211780535119921
9
210.56036128712256
0.9515671438179947
806.2526704681195
0.29126900087241914
419.66888452429936
0.2516297089902793
283.86227324188985
0.27712054675871817
0
0
165.99076851347382
0.29007291907156363
120.79659207214253
0.26542034952545734
105.33344778802369
0.9115876401187679
92.48735150314192
0.2856588251274391
0.3552545796250306
6
211.1873028681982
0.8432022192401444
628.1097203658102
0.387140020162488
312.67187262992326
0.3432014595693629
0
0
156.3146730248722
0.3174307001357441
105.50182574118534
0.5647490500484732
0.04621629505855919
3
196.62560212699472
0.8745160492700441
0
0
99.15632384380035
0.822632501225929
0.200837490415213
5
210.2911408102071
0.8059600334416823
424.23083581673365
0.40280228568614707
0
0
140.11776049244347
0.22860173475130569
105.72792413899329
0.4930652381584829
0.06765687132158098
4
207.18115701167554
0.7715466619825025
418.8469574949041
0.32457801846860346
0
0
101.29908180305983
0.4844434973615146
0.015819329296597285
3
0
0
189.00321826405153
0.974974914744752
94.57227907407875
0.9442698094541602
0.05038382689671953
8
0
0
882.997022706507
0.49375790921953233
217.00284637307362
0.3663546475687209
173.5717826897082
0.48716368061043935
145.51364854308667
0.31921761387972675
124.74992229585988
0.3870055597057607
108.83711840326866
0.2737214012723645
97.03000686620106
0.3029860857662904
0.08899508428860124
4
217.12624614424263
0.6585529180172877
0
0
108.84615685359393
0.3471551144613431
100.29189434218556
0.4104690211458678
0.14473981301914643
3
221.27819831128602
0.9798804161044529
0
0
110.61016277445906
0.9410335621759383
0.18059767804669036
6
219.4669651092221
0.989124168656135
439.8671920058136
0.3345711004997834
0
0
146.61771533839539
0.3222741408348012
109.72211605282469
0.9582786324328373
87.96418538520176
0.29909350866060513
0.12923719838157155
3
212.30383736975404
0.9542419537114246
0
0
105.91174417807427
0.8765580306572415
0.10331313296785
3
212.9257067442256
0.9961969575780846
0
0
106.44961786001721
0.9872457097657672
0.1152125617543732
3
213.99363690669472
0.9989015206509368
0
0
106.99746381139269
0.9965043402554068
0.12534671506622777
3
215.27501372083614
0.9997075204507819
0
0
107.63508395732076
0.9996468189358697
0.13526172082244464
3
223.2807838255114
0.8912155251944036
0
0
111.35957969106082
0.836702553431564
0.2359678861715076
3
223.21502583311158
0.9712649196833398
0
0
111.49962622133903
0.93457252766867
0.24841754871331384
3
222.94446038785958
0.9869118717260603
0
0
111.36608442488956
0.9870324640181639
0.2566083601864782
3
222.87039453805693
0.9600444004074006
0
0
111.33598318888608
0.9582767475136755
0.23801587487235817
9
222.42246169457343
0.981548853602898
466.3887898844006
0.23203006196253598
422.3369674772074
0.2313969886027668
0
0
150.71117302439683
0.2386706608798381
145.36106276509963
0.2336168361156398
111.120334992258
0.9693247488545149
89.82958114584768
0.24450121273441855
87.79502130939001
0.23549176408599481
0.28049509677954126
9
223.3029229928379
0.9797871354232506
473.3844775522011
0.33592190068604055
421.4143719350401
0.33681203592549935
0
0
151.69370763052876
0.33090954618107277
145.97351512219618
0.3403991081865864
111.60811254022443
0.9819846848573268
90.28451265646211
0.33056132766203783
88.32442320150587
0.34189112768662494
0.255471537351696
6
222.90580671496696
0.9659099566402434
446.989545345744
0.4386714483224942
0
0
148.5808125110564
0.42423123639115184
111.35612504354962
0.9500220662307305
89.16863863888476
0.40036892347432057
0.14077024598000745
3
220.0895579740732
0.9711068450030882
0
0
109.81495560402888
0.9506477108720962
0.13545655988384248
3
224.6101902759674
0.997109203829664
0
0
112.30277680139189
0.990320068375183
0.10028627484299507
3
223.06185397766853
0.9710321630811508
0
0
111.42481133095993
0.8950082992892291
0.023694806553793447
3
0
0
202.69709909784248
0.9379815859967846
100.9552974164385
0.8144669192067007
0.0020243458382379694
3
0
0
202.92934665921933
0.7853907275664007
99.84743155585137
0.6636730616690888
0.05065767293378728
2
0
0
4093.1518675140014
0.3667287149678003
0.1909882199229906
3
266.227195553395
0.6824184228314036
0
0
131.97555479114862
0.4077488906207045
0.34460788912673535
7
259.11685692438203
0.983535632715227
521.6235152993806
0.6277250813746048
0
0
173.67602058351758
0.6160456192508464
129.66236188631677
0.9488403093151311
104.10156387798838
0.5871330187801017
86.52473778477642
0.8985430817018772
0.3629378955712432
7
255.5557656401361
0.9909935241241069
510.925449036891
0.6856820443781126
0
0
170.37189114232712
0.6805745060740837
127.71371936713253
0.9776556506931806
102.2701106678656
0.6721293884248306
85.14416617418479
0.9625075003224204
0.3436807045383903
7
253.8147967025191
0.9810102379293425
497.5341423375969
0.7205803792601939
0
0
167.5794028550422
0.7158688352411271
126.71950235374578
0.943052521856934
100.78886419061503
0.6940498396998991
84.25919549169596
0.8917216979939332
0.176900535782646
7
255.0122026488199
0.9660300010665029
503.38913066801933
0.38213941279935665
0
0
168.6291407023461
0.3583327362588871
127.39593184626678
0.896717375412137
101.34151556538568
0.3208516544072825
84.67177875781256
0.8147721547166211
0.09534441700444198
4
246.451382373365
0.9791007769881264
0
0
123.2615272395502
0.9637918160836129
82.26671739059834
0.9764183164955474
0.2856444232641222
7
259.16891798857523
0.9652931103983426
528.0527582441564
0.5691012587280084
0
0
174.60658161979518
0.5534326862108577
129.6446887074547
0.8939349935462979
104.58003193289125
0.5159599658197631
86.4263727158127
0.8009084419996109
0.3184036862753887
7
257.48407579202245
0.983597064314141
520.2419243880722
0.5771701443034952
0
0
173.22063970953263
0.5733121448907683
128.751840335346
0.9617352849154243
103.86398290850494
0.5680412165878155
85.86371067551599
0.9328899751590406
0.33055335012590625
7
256.3784598651677
0.9805135801635025
512.5819808739835
0.471710637598804
0
0
170.5512948151162
0.4728683223109785
128.1720758775108
0.9863931583342024
102.41423959304018
0.474233979745409
85.45247703068092
0.9792788921015355
0.34099940664124534
7
256.76140405628564
0.9826147060518746
524.4631367083723
0.44509696635948665
0
0
169.89440682124902
0.45061791149066593
128.42117690439954
0.9755365172673744
102.3488570703417
0.44998732106967027
85.63511533878786
0.9592036089959508
0.2504358798176457
7
256.92193794401675
0.8941008047499642
510.14150552422115
0.4977200608010965
0
0
169.53810437051928
0.4024010018547118
128.32917362479552
0.6772811600840624
101.04057789825723
0.2823821746357679
84.61770091984094
0.44479224180867044
0.05932224468735587
8
257.19932669355006
0.8332456862850948
5123.086626949337
0.823996614868779
0
0
246.1952849794387
0.8054066579183079
128.17492068682242
0.733178311414889
125.10708526135494
0.784699383704341
84.22714617231655
0.7608925861215872
82.86053426056557
0.8217009033135468
0.11374373636678187
11
261.65436627045125
0.976029969996652
5233.364594597521
0.8151199506713726
275.33064428173924
0.8115131340687144
0
0
249.40809401834125
0.7869338032485315
134.1650321104028
0.8107622827605534
130.86497809120314
0.9601467292504943
127.79405183710128
0.7708778409254682
88.7104834870606
0.7991333312964479
87.2731112176365
0.9391230564678759
85.92124206225097
0.7572100825022743
0.2617416885150013
11
263.70109778147946
0.7755403127479322
274.5942457160296
0.705659412008488
0
0
195.88104301074924
0.2584100831708004
190.03974108927423
0.2309970642693269
134.91558600248632
0.5684056466330992
131.9318804451199
0.5217964826992648
112.44887959500976
0.2515144689966968
90.55575877657319
0.465988910083242
89.34998508758353
0.4853687437542078
78.79847467980905
0.27116736237944605
0.3744124969004648
11
263.33323759553264
0.9701269945062168
800.4424852540101
0.6204683055013702
395.8177438496923
0.6161570678822211
0
0
199.22383695118307
0.6080411811522295
158.59655480203446
0.5955970066712682
131.71122916554432
0.9133072413109449
113.65397523933589
0.581748966689561
99.13503130485553
0.5604271320017786
87.85516155372328
0.838023381098881
79.42843656300802
0.5410222784352302
0.4146546925713664
11
260.02247756384486
0.9870500884877541
861.8408475226198
0.428073599953808
373.3305363656693
0.43786750639919325
0
0
199.87146499886654
0.4157385112684738
153.54079609961943
0.445920784190631
130.00571581149484
0.9750619208702296
112.97378838296751
0.4005637836611302
96.6188023374377
0.4561302732313708
86.67393919575368
0.9537994936741411
78.72084134528556
0.38547608838472525
0.3848178001811148
11
259.06955021439876
0.9916930924687543
866.7079137348475
0.38991551589433626
369.0658334585141
0.39106558819635084
0
0
199.2808005620999
0.3885352829194298
152.1840789097274
0.3918504313773454
129.52610377763517
0.9929569725259122
112.5217408623361
0.39031102396388256
95.86009084973541
0.3934743051756841
86.3476101955322
0.9895419738437999
78.37207240473484
0.39237385508080913
0.4411793365035436
11
257.7090585005357
0.9713797224897481
776.9102687650401
0.4446947031073658
384.59793360806975
0.443288931981717
0
0
193.30056232787925
0.42478409121598265
153.90692814208526
0.4290898763258252
128.7831350837968
0.9191000661135574
110.29656596277084
0.3980550761836864
96.23416533405731
0.4078703541338224
85.78187596491591
0.8538019532199806
77.12395584667894
0.37479710553317197
0.2019681606984518
4
256.3118630175754
0.9570106720590309
0
0
128.1388262847949
0.8711029139215469
85.54210895309528
0.7777643256720067
0.08301668106145
4
254.47103764139342
0.9969695473568462
0
0
127.16938063414946
0.9976183921326364
84.73786317950561
0.9914837495800051
0.1045000554753795
4
257.65384862160994
0.9883970550425749
0
0
128.83785094888793
0.9634083879257441
85.87891356774077
0.9304376844991633
0.22739371053080204
8
264.77756675138335
0.9884414662765955
534.5565293189122
0.28441737420787394
0
0
178.3037366418081
0.2782335438378774
132.38267934095208
0.9595905387053069
106.96836835834353
0.268551753777798
88.22869823465399
0.9175663213122411
76.37086664294036
0.2568259409144533
0.35329079652401557
8
265.8720950739495
0.9947664251956154
537.4868957420866
0.43766158088685064
0
0
179.1463187876714
0.43924399717553936
132.94419150862063
0.981462882280311
107.4617096499631
0.4422644544049315
88.63378719944602
0.9597291302853729
76.74729233801166
0.44477676855178383
0.3841091006557536
8
264.9106667396238
0.9977222314398094
555.2285828364113
0.27203958833673414
0
0
181.6643449195626
0.280156683751674
132.45603883325447
0.9935648781554147
108.44397243194429
0.29166777776574815
88.30447906892901
0.9867198662597364
77.10202941007955
0.30410279957982655
0.3593493909244284
8
265.22113028285014
0.996608990299618
697.6933547664465
0.23092681960884967
428.7749542653934
0.24411793846938523
0
0
163.958742677826
0.25538897997324805
132.61071456283224
0.9926019078032218
101.37787303521341
0.26594490056947573
88.40919188992136
0.984679185410231
0.3073009762011498
9
267.62883071513147
0.9893493468314684
734.9804147116981
0.27701302130435007
422.32103521874166
0.3078728977505241
0
0
196.47665952814617
0.24051058825244187
163.98894164173666
0.3310567104768666
133.80368560880353
0.9631942396974759
101.73550308700224
0.34823252654301273
89.1958181466558
0.9207516606080786
0.10944852300977824
4
263.17729025961955
0.9200778942843618
0
0
131.0544277456951
0.7811190072596642
87.2124544292688
0.6358666066455944
0.02145799943666642
4
0
0
244.61661648124345
0.963658771672303
122.06229639848472
0.9425026476490249
81.18988028474557
0.9690344684061617
0.01806941612103106
4
0
0
245.28170374710223
0.9831577255722144
122.76448522758668
0.9740576730789084
81.94239177463123
0.9935257933491755
0.062303454734546605
4
256.23191273933367
0.8663579860802537
0
0
127.86708879830033
0.6529194144961462
85.28511850106277
0.5078058494325
0.24245296593618776
6
268.04568595606173
0.9664456021562
0
0
134.11016805619983
0.8986736372940709
112.61841714308714
0.24016067057079923
89.5044497410139
0.8044145361642553
79.40887720008021
0.2516495456069461
0.44762763649534715
11
266.70314680246867
0.9824022946224951
783.7475282607146
0.5891684218874661
405.38223848903533
0.5915404794979927
0
0
199.40496517557762
0.570751133318946
161.05534642857882
0.578995691327909
133.4020045947322
0.9488774361965049
114.43596547159288
0.5455253341901222
100.54985919337797
0.5538400961403283
88.99649706559764
0.8973587884870957
80.24668714741499
0.5196043522487452
0.4637117934311069
11
263.346557511681
0.977882252635608
799.7295489881509
0.5473277934297518
394.02882760659656
0.5450100777430192
0
0
198.462606716236
0.5339805180100843
157.8989569516114
0.5345378539559956
131.68082291181747
0.9406571008148936
113.29039920116537
0.5156491398276238
98.77652634223298
0.5208841401172921
87.8366651138971
0.8937014342476903
79.3024174187694
0.49223742696875544
0.47230397242833844
11
257.56943070021606
0.967335496781741
856.3762472258422
0.42490599692572334
368.56735774721056
0.44231148717481916
0
0
198.42316834374083
0.39380648157415943
151.7493020881021
0.4448289680784284
128.79420256241266
0.9084078866613868
112.20222507630099
0.35763560748089557
95.55528567524168
0.43612731079247025
85.87517305389834
0.8366858431825159
78.22024933346366
0.32221425407850074
0.4385212360825051
9
250.87294136350246
0.969389887710624
840.2133492518884
0.2966373442399979
358.3559348699604
0.3212547800427515
0
0
193.5757202179903
0.25970207608587886
147.68013094278461
0.3317076957784749
125.44168545682392
0.9185983600417859
92.99721729261829
0.33258671820130237
83.64244385419568
0.8548900092818575
0.4151989284740269
4
245.7073712154653
0.9779392164188905
0
0
122.85777508739706
0.9594028189258079
81.90600670555827
0.9197143470136269
0.36218861910161926
4
242.07721470487223
0.9773158700447057
0
0
121.03309829104286
0.9727188337920923
80.69661440221131
0.9429148786280109
0.37263102367760764
7
239.68098694508822
0.9802208170416021
825.9607369379635
0.2509066085058624
0
0
185.55719475576856
0.26495277996646754
119.82819846410027
0.970005842717839
104.5728315468353
0.2817812616930248
79.88243248991736
0.9524483947218038
0.3649739304991502
10
238.20307084960402
0.9878235022947672
816.5633797944984
0.3799329416749266
335.51311974257413
0.3562090199951397
0
0
184.1061012555687
0.39689965513612596
139.1667218203562
0.33131454536581467
119.10139493146848
0.9740226341372173
103.72202847299579
0.41020752414260303
87.81214531496936
0.30408371574446175
79.40323424014287
0.9516643853813775
0.36187200381356005
10
235.68173568293355
0.970137723886548
703.1091427242724
0.5692443121081336
348.07372117772314
0.5680184588083232
0
0
175.67352593331384
0.5550790637155582
139.7069306689662
0.5581715795851562
117.79072923917614
0.9025802868352368
100.39129004554005
0.5212166626000639
87.54342093152991
0.5321601431572481
78.46382310898596
0.8137082922138099
0.19487303909046502
10
232.18362546149174
0.9776075463407001
657.3719927513024
0.3585764268584754
356.19530583353185
0.34502797694419896
0
0
170.79405894500786
0.3541943184135991
140.02878158877985
0.3155299231365953
116.017000253936
0.9349278275686953
98.08775232725317
0.3416585085683066
87.09147660282764
0.28573960180825236
77.28261845388771
0.8846639020362715
0.12178812557297444
7
230.1519898118125
0.9946026556533213
458.3308604306782
0.45088357798933115
0
0
152.82463216109443
0.44840139363627024
115.0670592852949
0.9883894055991224
91.64106305741302
0.44438748001487044
76.69901691342746
0.9761356564434338
0.12545929651393545
7
230.64320716916455
0.9987508714232205
460.7969509720337
0.613605219537605
0
0
153.616061668033
0.6134800598660678
115.318382664202
0.999526079539643
92.1560644100596
0.6155964195925391
76.87715437122498
0.9939323041874546
0.13991515327196144
7
234.10653677133408
0.9948640339891472
469.1764219436374
0.672949683081545
0
0
156.3809923820397
0.6665439825728758
117.06002630028313
0.9836715034348729
93.82767931541936
0.6562790927853525
78.04591361219714
0.9695455436872421
0.14376450088453405
7
237.60175096173106
0.9953657642966454
476.6076678543717
0.5618232463220669
0
0
158.91613256726848
0.562544720470953
118.82420561716059
0.9875971066547645
95.32064591472151
0.5637137143918872
79.24773099333225
0.9770179129853352
0.15805969251749416
7
242.00420580439575
0.983774503579506
480.5912913101351
0.43081882642885916
0
0
160.43525260546767
0.4178731549279268
121.09113729052262
0.9525369766731719
96.42941498678347
0.39784687926671136
80.81590461438861
0.9190111942516537
0.15735502038517352
7
248.23429087277378
0.9913914360914123
521.7079208740383
0.3282081460216032
0
0
168.7219643266677
0.33716830022279126
124.1364572896345
0.9739607826692382
100.46004949265644
0.34528755052677534
82.77670442490418
0.9518503049222226
0.14984315420523084
7
253.2319960516336
0.9948658737790754
505.96764052728577
0.36771744848933374
0
0
168.64183964164195
0.36852511500348084
126.61849681052158
0.9858688884063909
101.11837224405802
0.37021133693097363
84.40616790509998
0.9731666564327317
0.15723995121569914
7
249.96006169438806
0.9729574330529643
500.0155304253653
0.41988988080213174
0
0
166.6448203980745
0.4144644079273775
124.95213941312828
0.9271016555581323
99.8889261041435
0.4026523812294479
83.3197029660062
0.8783273146123576
0.15918228970865483
6
0
0
544.7008122596615
0.4328595996744214
258.7858966649341
0.23236501534293363
176.08608924078183
0.3482157715449811
133.7781040427354
0.47308220301564236
87.07599415967245
0.294239545492156
0.003744678650411258
8
0
0
549.7917449680074
0.8240122312246368
273.09517589645384
0.5986386785404578
183.08622830345885
0.5137196903285914
138.45615125445227
0.5408126568314591
111.18900915491155
0.5293546924461262
92.42542719161636
0.42483365093235903
78.7116527480062
0.3255892043802075
0.0008144338591287046
4
0
0
6613.380893151323
0.5454935990359062
3318.270875046343
0.4573567943046222
2232.6932453466634
0.29075975730784703
0.0015589977822749435
8
0
0
6246.173598698157
0.3153792834230445
1315.3043082445147
0.37182043152902927
1091.6930977349916
0.35438743038410486
688.8635933904529
0.2948219766498162
636.0920078061984
0.23116988879566847
416.2484457924404
0.2653216254510647
103.2360433766056
0.23773469488153542
0.002231385498752917
9
0
0
6198.892068045646
0.327405463601498
1793.637741418683
0.22823912887561867
1398.0981268894996
0.5565264283474138
1134.5404358342842
0.34460488020029073
692.1052688954387
0.4368078957714894
632.391899100109
0.356842188701419
462.87461289420327
0.31638742420657734
429.5940625519027
0.27223276036329447
0.0016343009004128352
3
0
0
2542.016772897728
0.59667218405794
424.1098522275467
0.23917140100198936
0.015954163360727736
3
0
0
1647.0503061737613
0.3250202799919353
401.30312724201065
0.30648021243042334
0.001558790574222374
3
0
0
1869.6007628807522
0.5535143939325032
335.515370767124
0.24951150843372027
0.09587868334180659
5
0
0
2010.4350052066636
0.5721663600841961
295.5409779115491
0.39620829371846406
100.52893530797796
0.26474419622863454
96.05151932779823
0.34693776847652336
0.09482204717856191
8
113.08297709125691
0.8540261845601006
2014.3595032775129
0.5800862183812382
251.98923613272578
0.4552040936846986
225.2238487229501
0.6573348647285389
204.95276354091743
0.417912426709716
0
0
78.25315485407732
0.4824772707935959
75.27688178048362
0.6713818621805544
0.09045694108848422
4
228.9722594092314
0.9886765052357176
0
0
114.47263766469706
0.9825100285472924
76.30794937384205
0.9747385733887315
0.1729424983375678
7
231.86464858462378
0.8212611357772647
487.40657147516464
0.44510977269303054
0
0
158.83596830512346
0.341169467625574
116.20586694016549
0.6042448682309954
94.5544079340907
0.2444083930635061
78.85913062657889
0.5431685010991758
0.2863129548908623
6
224.73164269523312
0.9565764722219543
452.5241800640502
0.7391874775786863
0
0
150.62288555952802
0.6827170021818424
112.31559540130272
0.8703511702592815
90.26153358073994
0.6140142757969871
0.2935209471054021
6
217.47654672982242
0.9863917571942914
435.6474835298546
0.5736321150593423
0
0
145.07303756473502
0.5682439919690908
108.74459500796974
0.966689733145218
86.99043822051775
0.5617383610629996
0.28953117478693413
6
211.2706245185598
0.9541574912823495
421.31287324338376
0.527620910939483
0
0
140.5844242944703
0.4985712882220351
105.69682930871647
0.853802519959379
84.39449681757091
0.4472651801994979
0.03677222683313771
4
197.7828425527468
0.7093801020970991
395.00165419049455
0.41505063347796584
0
0
97.2348445344126
0.32361467190024995
0.004167929252157086
5
0
0
246.09762300392956
0.2406130755304427
191.6003792468731
0.7464028267767279
108.31966398139811
0.32107060345496047
96.10275927747558
0.41792158131474166
0.001124381182213109
5
0
0
1796.3889816971212
0.24269904576365692
235.82031015477102
0.23326360135915525
228.7150481460624
0.2558285577365683
75.26283167615635
0.24848549061419703
0.0010889531378942155
1
0
0
0.0777932400754731
5
0
0
756.2256739207118
0.6955754374467062
389.2446746704013
0.3577483593610615
162.7513202600951
0.3099114290580689
133.4512498174435
0.3425359839695863
0.06264554249227552
3
0
0
827.5267637900829
0.6400243743832562
406.6099165743628
0.41614056021581747
0.20186536820160622
5
218.31917475423586
0.8460497073166258
437.1830781774746
0.40500221258036223
0
0
145.83161274886848
0.266176387467347
108.93378419656358
0.5680411687525978
0.20316379930591158
5
209.69196517919963
0.9799659731423854
0
0
142.54526258152626
0.23088470536091654
104.8180020452932
0.9395326342523395
85.11570302310531
0.2562726267797908
0.1881936895110372
3
202.84367122249043
0.9889997733763386
0
0
101.44128886484204
0.9640801588012085
0.15002205143906885
3
198.28878748831974
0.9904578959581328
0
0
99.12077596798152
0.9667495023050638
0.0979834986042443
3
192.93427129625675
0.9844549659960493
0
0
96.38134559724156
0.9497246015302766
0.09983041719329093
3
189.65640850778274
0.9827610002139463
0
0
94.6230629745249
0.9598346866532385
0.0979968975122617
3
187.2730158060761
0.993309684677948
0
0
93.66425399910511
0.9795458504621679
0.09231605754291013
3
183.05740219537842
0.9960043107561873
0
0
91.50645337773524
0.9881261813817023
0.07473678555144672
3
180.48821760639294
0.988132432012045
0
0
90.21208950492276
0.9554083986190023
0.05003878248432752
3
178.7810988438366
0.8367803976989736
0
0
89.04817671737607
0.8900609189872801
0.10547748029490137
5
175.56619833238676
0.9505678668363623
354.6705276227723
0.5706857740696265
0
0
117.5979808207471
0.5322726342353151
87.78575935232361
0.8663105163043934
0.10591456559476867
5
175.8802494931273
0.9865476838911376
351.5962997511781
0.6115534604931214
0
0
117.23425093961714
0.6067371770580907
87.92875307657847
0.9745372207541513
0.10617268422380804
5
174.81199498187422
0.98398438368995
349.42857417746086
0.5793785137212834
0
0
116.48376418059797
0.5712701353317532
87.37964407223866
0.9669047350106048
0.09823480360597868
7
172.92108241477203
0.9858073611594026
359.44918520163054
0.4634080902078221
333.523790805076
0.4710504657161315
0
0
116.70034237518314
0.4526724448393577
113.90784708466182
0.474196833532803
86.50026638650621
0.9744045479183284
0.07596623276985744
5
173.33821931965255
0.9856823819572846
334.75833674826936
0.3293593819032249
0
0
113.87559606818326
0.33950434651527917
86.58189690344864
0.9698765859772233
0.06695919471192582
3
174.55435883078138
0.9899135741823836
0
0
87.26229175494451
0.9717478133780376
0.054393833349028115
3
178.7115149061359
0.9961461146517506
0
0
89.33791428274299
0.9884797609873014
0.0489493206130003
3
180.87226642338044
0.9842118121636553
0
0
90.35987375379077
0.9435887466603728
0.03213401478644805
15
0
0
6453.311954078152
0.8715159281611918
3279.0482558187987
0.7588875796208862
2215.9142235019267
0.6382865392141562
92.1124599381656
0.5627297608763094
89.54764394944675
0.5541621648368442
93.37932229265094
0.5428844374535454
195.72813693106622
0.581778824380637
189.88440595337997
0.6539255798823114
184.38236824486813
0.7109649846028212
179.1090866737887
0.7106364734661076
174.17647349092417
0.6799853352094619
168.90722081235097
0.599265427825701
163.83063765912513
0.5393123486080482
90.8344337565735
0.5714420761555288
0.06219884969338255
5
0
0
3288.03135244108
0.4057636836322862
275.4144990303271
0.24672762660983882
168.47269482303975
0.22896847660158218
78.48480234444405
0.2830022123638259
0.09038604769750497
2
0
0
3294.8958537266726
0.35181258508397356
0.14351264703700087
6
0
0
6538.111365108061
0.8058713434490711
3295.6091026346267
0.5263471641979147
2217.8437887514924
0.28443108765312386
692.36884005057
0.2877052583664359
95.27455127609703
0.24072101698598403
0.11073456247394765
15
0
0
6284.6918648684605
0.823672442480928
3132.845224532549
0.6084204218498958
2079.9654338225696
0.41554205422048157
1242.313416958784
0.24197539130286325
879.990906891019
0.24893169934429574
768.4792913230897
0.28135084000562977
114.36406522625529
0.3181878330293527
262.78661106700173
0.2975650483723192
242.16783242222152
0.2836452826063537
216.5569351616638
0.2899652274690029
202.6388376477657
0.2635773023965016
125.77138816422311
0.2818819462099681
123.24729425778989
0.33504766119003804
118.60201026230564
0.3637046088214628
0.13739771497273418
14
0
0
5970.681110131656
0.8152214111365289
2969.482876896869
0.5305491933543515
1964.6429331470877
0.27071298906180963
762.6034954892737
0.3551023266445551
676.6516405677851
0.33234670942220423
212.80663995809672
0.383437603331202
205.47108421036657
0.4044754303919091
96.27980080801234
0.29983357947984735
94.68882140195718
0.30071397590112875
79.94414793866407
0.25392301873313483
78.89262938239756
0.3071892759129782
76.84693389784505
0.3075870611906103
75.83540288983058
0.2496764996196543
0.12945159981220372
15
0
0
5455.629384684525
0.8816644186831112
2719.3615447428137
0.7240488410520703
1808.692319540239
0.5936588895984447
1354.8969262387543
0.5246561321914999
1082.3840083735188
0.46081415059153025
899.0885137879787
0.39691446590827895
769.1596826258955
0.3656668484444164
672.8296885831207
0.3418274278312607
151.12398229751236
0.3741073743294457
155.44508730986118
0.38433760274020695
146.99464935311087
0.36641327085278685
169.91047128251483
0.3718462939400843
164.79883377070797
0.39168258388495125
159.99080453753598
0.38804264215891365
0.045111761571449395
10
250.30174595404114
0.5086777179150883
5221.85417811242
0.7267407820863131
2684.001753193867
0.7053220462536313
1851.8509286765952
0.4517728941864084
1364.111203879782
0.372786867103536
262.9104567580551
0.4186882054731391
0
0
239.60285182494255
0.4981893293990711
229.03141925762728
0.47700966354119656
211.42893857203285
0.3269315317162743
0.14033415112710776
4
217.47379524589934
0.879569652508039
3515.0849852608376
0.7639673663376604
0
0
109.74928852432667
0.8062005644725149
0.17956003906036178
8
214.10246665456552
0.9859307794012862
452.3728513981265
0.40790012673301973
407.53514052081005
0.3939544510748412
0
0
145.48245984893634
0.4131101284419542
140.45226945947823
0.3691273507425646
107.06867734349439
0.9687631385110864
86.70248571313617
0.4206232775252241
0.2364514873546981
6
214.46255463890856
0.9751543027709859
432.53009467823176
0.7890342438183503
0
0
143.84653278975978
0.7748781741605234
107.58918747092459
0.9300531394537291
86.19837736396927
0.7382519445854355
0.1886097523976998
6
208.84702079223922
0.9773874280019226
423.8952124888048
0.6322220268136078
0
0
140.5579407802703
0.6367467621167713
104.61397887078114
0.9474960889045447
84.17692807991158
0.6346109488530193
0.1949931288949739
4
209.8737728401811
0.9824827423149752
0
0
105.05305407514189
0.9568288774637244
82.74980224927748
0.2279946729131422
0.19905230379047312
3
213.29655356521806
0.9935837481689257
0
0
106.65859842146283
0.9796220710852709
0.1902253723672126
3
217.5637953535979
0.9854409652885214
0
0
108.79494803222754
0.9559519529955233
0.16783784560273204
4
225.21504478000514
0.9796215436655803
0
0
112.61215821985031
0.937379093562651
75.08270014559473
0.8990722604508238
0.16237148435843204
4
234.91600551481457
0.9787219814820435
0
0
117.4662457676178
0.9322550816363845
78.30216624570316
0.8827571660981781
0.155727490155721
4
245.50388926027313
0.9673232238809998
0
0
122.75948474518361
0.9020120354978393
81.84625619182229
0.8224660027616411
0.12470662770737923
4
257.3666857777217
0.9894365389702063
0
0
128.6821014704869
0.9668976879323726
85.78900133591398
0.9389602937584008
0.11808357298948291
4
264.1736992792587
0.9935434934095573
0
0
132.09776294873996
0.9812198643049932
88.06962480242758
0.9659214679332738
0.11207013306183414
4
267.39146535285727
0.9975399932875894
0
0
133.70478872363887
0.9932827927591276
89.13144913284593
0.9874087628049542
0.11141065291234192
4
264.7597972848049
0.9948777935787673
0
0
132.37508834532701
0.9858875058384232
88.2439791692797
0.9765482486423434
0.14077359362994338
4
263.0271303590664
0.9419244599261583
0
0
131.05308728652466
0.8863917295541993
87.22993732458777
0.867487825957429
0.10883638213870656
4
258.47331566180543
0.9833123062649275
0
0
129.19087683740935
0.9710752091421828
86.13531830153936
0.9534143523995942
0.12719147555548083
6
254.27922335784797
0.9413154446271079
4093.025645973929
0.6111189556942037
0
0
239.73564665424018
0.6363070050389953
127.36638660639522
0.8805606449994653
84.92115781847416
0.8278396543811181
0.10976322344618705
5
243.62706971324945
0.8492618165996259
4243.1285507478915
0.6926656401775128
0
0
120.78232159499328
0.7421644903734116
80.90358302299592
0.6694794674919142
0.0942219441670053
3
224.45761600201175
0.9554872086182365
0
0
112.29522837458867
0.9220214157438014
0.090862575282525
3
207.96230583037965
0.9747728798389241
0
0
104.04240990717909
0.925495984200316
0.16567683722899396
4
194.99946569560214
0.8655025956092118
200.63747912737787
0.8601896797118097
0
0
99.0671520867672
0.8647983787102789
0.15730368793847324
9
187.68634304996942
0.9581075721108936
4328.339515457523
0.6374629301181302
202.1685230818104
0.5305245151438481
195.7321209505447
0.6104314708558607
0
0
179.62272274784843
0.6484048425212773
95.63699916285982
0.6131972193319284
93.83100470182256
0.9100976998556145
91.77428930491443
0.6526941636764684
0.17708017410944865
8
185.24431306664323
0.960815586758339
4282.565356925875
0.6631683252308711
193.5938075536254
0.6316586125811653
0
0
177.4547400169956
0.666302625421409
94.69078560168923
0.5955954777353806
92.63380276299975
0.8942171739224622
90.62466671567879
0.6621189574093255
0.13626677811237073
5
181.49317936887974
0.9293729868944759
4279.089159662462
0.7298659874033073
363.2527674561125
0.2479498570439384
0
0
90.75139891553629
0.8174121076938821
0.023086239919949382
3
0
0
171.64699012575377
0.6383772291629732
81.69157856392624
0.7065019152146351
0.059627539670347465
3
181.57759670196558
0.8476937970119636
0
0
90.68552661799143
0.7910214239151365
0.042792865290998135
5
182.58437032630695
0.7769596690575562
2348.9582093568215
0.6788620125426971
0
0
91.41459831423032
0.6604600345157203
88.98457219332383
0.6871796402327068
0.028991411107728255
5
0
0
2445.110811407898
0.6702938835022129
859.188006769445
0.32181463165247887
130.21357170770136
0.23847418164011436
123.84417850004372
0.22715078003825753
0.01562410492119143
3
0
0
1135.4085299197195
0.7271433761452191
564.7124783013604
0.6364700452285402
0.007045409027059358
8
0
0
982.9616798803602
0.57095900221269
475.96595559375817
0.40157203158261756
196.64907530014546
0.2672600556460454
163.0619249217401
0.2809406940044654
139.35690822850904
0.298929534473632
122.53754240928819
0.3010338824379689
108.76130973664058
0.2664987738499084
0.011957700493162896
4
0
0
679.4569072906997
0.24064242096786992
241.50541283815534
0.26434886042278966
79.58919343483946
0.38913592432684313
0.0070161916314244645
5
0
0
825.842859869251
0.3258637216117176
139.85253795298573
0.5128092602468206
119.78783209833122
0.45071994735897364
102.95630283557918
0.34323898155111066
0.02601001065911885
2
0
0
234.89410928285002
0.5817767226969225
0.13857182906192575
6
206.08157987775073
0.8880913325835835
409.6222635315155
0.5448360570384144
0
0
137.9332441454855
0.42997622663867374
103.72833734022487
0.8141854373854258
82.86641547959503
0.38194379577831805
0.14465884881760596
6
202.14359905149135
0.9661916654060425
406.0399544427918
0.6832827900498915
0
0
134.50719831933108
0.6574946243845514
100.84953147652725
0.9567391245297555
80.6981529899332
0.6486338958708583
0.17464911379701115
6
197.99652355314618
0.9714602034168698
395.2346846940438
0.6254763425513157
0
0
131.70567083567352
0.6188281800898067
98.8481687262673
0.9496627287413316
79.03560050456507
0.6035808636276943
0.16321490713211262
6
189.33710251263815
0.9655191083222233
378.1420071401297
0.5720694922540301
0
0
126.19215051848802
0.5550189546792925
94.63346536429911
0.9234007043959085
75.71850320817313
0.5232475069807903
0.12953911988086586
5
179.48629298573908
0.9295998995468386
350.59069013696273
0.4857032437196108
0
0
120.71309976702443
0.4816952358527888
89.83385342398118
0.8938585203181836
0.11935743106174024
9
172.04709634727945
0.9041033520919404
3098.629399955777
0.7806240391313334
1479.977708629859
0.29363640722410467
387.1146185688695
0.37113445998246153
344.69419946171274
0.5399904692129431
310.77444142243195
0.37900890465931925
0
0
114.55165367605771
0.44510923135274505
85.77736795287177
0.8211004657475959
0.09345585271055788
7
162.61255515791143
0.9024445186943386
3435.4962435750563
0.7983178388543546
339.4430716096109
0.5317379505799464
308.8273346094081
0.5000994726404975
0
0
109.10264216444077
0.5138790118897365
81.42801414064276
0.8609260895012839
0.08287971840179476
7
156.2594534995201
0.9390297647635285
3959.3886449273664
0.8197858940776263
324.3062794127069
0.5541970182970097
301.01109677304146
0.5781205285285017
0
0
104.32900101015966
0.5660075395020988
78.13441122067962
0.9195912054801219
0.07814584199743735
5
155.1323829658753
0.9828666743234744
310.1318996651915
0.5575986190721852
0
0
103.5908075622386
0.545245514529897
77.56417057899118
0.967903597830306
0.06863941457779442
5
155.8176740745364
0.9352373365526933
314.823427948759
0.4196241661446569
0
0
104.10041321840397
0.3708567126660072
78.26505749511522
0.828087216101147
0.0636979401970066
4
0
0
6439.565816615895
0.7368889980936065
3270.4370719940125
0.4608203945057086
1443.6748789670808
0.2746254505758722
0.08792758326095486
9
0
0
6638.5788559244365
0.8021354856569202
3356.895424587038
0.5030654717352101
2263.709430954478
0.2781515765411755
271.1299138938376
0.2396264594111126
219.54379641986478
0.3174546157194381
155.3355802527401
0.23277781170734635
90.82523110093531
0.2643047637200587
88.4275022721672
0.2726312355391646
0.12440963911677391
5
0
0
6655.6843250938655
0.811852816459042
3361.89010072136
0.5348143168780908
2272.434775029909
0.3096311057991414
94.21248157120002
0.2505687460361248
0.1278924271300932
13
0
0
6453.8786894738005
0.8097563364971508
3236.2069497061616
0.6359763091229539
2155.6650913693306
0.5126959955102662
1612.1308550278945
0.4134401144013554
1062.9819685853738
0.31434777445848466
791.2394641825871
0.2940428194646754
635.8493477700924
0.29295602712502955
530.4219765442675
0.2990198072117251
456.4067685200649
0.25540643825775544
177.97798028271083
0.23853314027756556
168.55969284399922
0.24750295408195938
139.08729026453778
0.2582257738722597
0.09284616273114106
15
0
0
6287.470935175459
0.7997692441784249
3158.2101208855593
0.6523699020838363
2103.4207121901604
0.5103771016155293
1575.404039395838
0.38396917012825854
1257.3953273626196
0.32266988132790664
1045.571914707468
0.32589028372485374
160.39323697257976
0.36081860939786436
173.51807017161738
0.389465369067316
164.54407365530105
0.3636622630561359
133.33064538365426
0.33486938285562723
83.35746316974237
0.3530787293378015
168.89884589089525
0.3788794528880797
81.23181123688094
0.36510903102838643
178.3973006031314
0.3585164603873818
0.09275918590996632
5
0
0
6121.811271842432
0.7256845046751256
3067.597872765562
0.5258841762142651
2038.406029165315
0.3085295100620322
81.23611548148584
0.23028000291663428
0.06750789772944926
10
0
0
5826.5843775460335
0.5268274179953853
2970.733465139339
0.4826283225375611
2002.6965316834403
0.274773091130468
444.6869614185445
0.31141602558407344
412.9984759144805
0.3296774315340677
362.42235856650393
0.31241271874201565
341.98297039084616
0.31025365800261373
76.09513839586283
0.274412948419241
75.14848418093239
0.23125904047081958
0.02051273456646771
4
0
0
4968.971001498395
0.35932234092878795
2790.5693627593496
0.5204806232259902
1423.4281899744433
0.25573624303503306
0.09621658634975132
8
162.04723479056733
0.7031215611450528
3327.61734850606
0.7844224847374726
320.2544373989883
0.4946096681492683
0
0
108.36164410758519
0.2930392790824198
82.82149925769568
0.43479826826100415
80.59289622405267
0.4545879431433127
78.5606395814188
0.31070651144336703
0.10983858154486281
7
154.14526903919526
0.852321824823631
3188.690871911207
0.7760150152050207
313.9240128362617
0.6881268248172602
0
0
104.62391299632004
0.6257330696836045
78.4963846105259
0.8544373383745454
76.80268515487222
0.7395396408833138
0.08738807066324307
7
146.27509081369126
0.9139016658505247
405.4219098869208
0.27890889171603667
236.86816199961794
0.24606128302441155
228.39987041746883
0.24011998902445658
0
0
107.43886023375381
0.23967891252423193
90.39747417813686
0.2268277391422443
0.09179892745120727
6
146.89403152216772
0.8081105427217331
445.36233415736126
0.5733357473373232
223.67416940456258
0.5548838683007181
0
0
110.77357429033442
0.4375206098529882
88.87368115844036
0.4717857419733113
0.0600802501065784
2
139.4191455859826
0.912787044248928
0
0
0.05618828130589209
3
139.16232416906044
0.6001340064900764
0
0
76.64600749298134
0.3995615961531478
0.03520361943578942
3
0
0
177.23106003141586
0.2793565030662076
81.2803424416692
0.7680333906772737
0.02322640344913671
3
0
0
173.06823820850505
0.8727496866378732
86.50800561885261
0.8062421127241333
0.018033860870733383
3
0
0
176.02360258827633
0.9820901479352174
88.02341720648003
0.9502771701988474
0.011713585365758714
3
0
0
170.2516981689864
0.9802726965029843
85.31313269661564
0.9622025047309151
0.007103668099097258
4
0
0
171.3533144120167
0.9372389649615218
167.1518729442782
0.9387495198088136
84.6929685797257
0.9211082365136769
0.002426509438250578
4
0
0
182.0747307820454
0.7763466458816307
178.49205349526258
0.7767555313567043
89.31670651489424
0.6064313365138932
0.0011405084972452716
6
0
0
2692.014788212495
0.30552176352067945
1919.7682453732787
0.35935156183743644
1461.1629988341836
0.2933426662378145
1262.513398678867
0.28886851218104886
720.3800997637328
0.2600520566071681
